# transform file /usr/local/freesurfer/subjects/S5_08/mri/transforms/cc_up.lta
# created by fsuser on Thu May 26 06:42:06 2016

type      = 0
nxforms   = 1
mean      = 130.0000 125.0000 121.0000
sigma     = 10000.0000
1 4 4
9.997973442077637e-01 1.456385198980570e-02 -1.389692351222038e-02 -1.352025508880615e+00 
-1.456244569271803e-02 9.998939633369446e-01 2.024142158916220e-04 2.687314414978027e+01 
1.389839872717857e-02 2.910383045673370e-11 9.999034404754639e-01 2.421285057067871e+01 
0.000000000000000e+00 0.000000000000000e+00 0.000000000000000e+00 1.000000000000000e+00 
src volume info
valid = 1  # volume info valid
filename = /usr/local/freesurfer/subjects/S5_08/mri/norm.mgz
volume = 256 256 256
voxelsize = 1.000000000000000e+00 1.000000000000000e+00 1.000000000000000e+00
xras   = -1.000000000000000e+00 0.000000000000000e+00 0.000000000000000e+00
yras   = 0.000000000000000e+00 0.000000000000000e+00 -1.000000000000000e+00
zras   = 0.000000000000000e+00 1.000000000000000e+00 0.000000000000000e+00
cras   = 1.910071716308594e+02 2.540632934570312e+02 5.213099975585938e+02
dst volume info
valid = 1  # volume info valid
filename = /usr/local/freesurfer/subjects/S5_08/mri/norm.mgz
volume = 256 256 256
voxelsize = 1.000000000000000e+00 1.000000000000000e+00 1.000000000000000e+00
xras   = -1.000000000000000e+00 0.000000000000000e+00 0.000000000000000e+00
yras   = 0.000000000000000e+00 0.000000000000000e+00 -1.000000000000000e+00
zras   = 0.000000000000000e+00 1.000000000000000e+00 0.000000000000000e+00
cras   = 1.910071716308594e+02 2.540632934570312e+02 5.213099975585938e+02
