# transform file transforms/talairach.lta
# created by fsuser on Wed May 25 09:44:57 2016

type      = 0
nxforms   = 1
mean      = 129.0000 126.0000 121.0000
sigma     = 10000.0000
1 4 4
9.827085733413696e-01 1.100848894566298e-02 -5.090783815830946e-03 -2.503341436386108e+00 
-9.541745297610760e-03 1.015294313430786e+00 4.346753060817719e-01 -4.843241882324219e+01 
7.533840835094452e-03 -4.193198382854462e-01 9.125528931617737e-01 5.257566833496094e+01 
0.000000000000000e+00 0.000000000000000e+00 0.000000000000000e+00 1.000000000000000e+00 
src volume info
valid = 1  # volume info valid
filename = nu.mgz
volume = 256 256 256
voxelsize = 1.000000000000000e+00 1.000000000000000e+00 1.000000000000000e+00
xras   = -1.000000000000000e+00 0.000000000000000e+00 0.000000000000000e+00
yras   = 0.000000000000000e+00 0.000000000000000e+00 -1.000000000000000e+00
zras   = 0.000000000000000e+00 1.000000000000000e+00 0.000000000000000e+00
cras   = 1.910071716308594e+02 2.540632934570312e+02 5.213099975585938e+02
dst volume info
valid = 1  # volume info valid
filename = /usr/local/freesurfer/average/RB_all_2008-03-26.gca
volume = 256 256 256
voxelsize = 1.000000000000000e+00 1.000000000000000e+00 1.000000000000000e+00
xras   = -1.000000000000000e+00 0.000000000000000e+00 0.000000000000000e+00
yras   = 0.000000000000000e+00 0.000000000000000e+00 -1.000000000000000e+00
zras   = 0.000000000000000e+00 1.000000000000000e+00 0.000000000000000e+00
cras   = 0.000000000000000e+00 0.000000000000000e+00 0.000000000000000e+00
