# transform file transforms/talairach_with_skull.lta
# created by fsuser on Wed May 25 07:06:35 2016

type      = 0
nxforms   = 1
mean      = 130.0000 145.0000 127.0000
sigma     = 10000.0000
1 4 4
9.963207244873047e-01 1.746794581413269e-02 -1.242709904909134e-02 -4.377948760986328e+00 
-8.218442089855671e-03 1.293241143226624e+00 4.778915643692017e-01 -7.937303924560547e+01 
1.636166125535965e-02 -4.276639521121979e-01 9.998706579208374e-01 3.939660263061523e+01 
0.000000000000000e+00 0.000000000000000e+00 0.000000000000000e+00 1.000000000000000e+00 
src volume info
valid = 1  # volume info valid
filename = nu.mgz
volume = 256 256 256
voxelsize = 1.000000000000000e+00 1.000000000000000e+00 1.000000000000000e+00
xras   = -1.000000000000000e+00 0.000000000000000e+00 0.000000000000000e+00
yras   = 0.000000000000000e+00 0.000000000000000e+00 -1.000000000000000e+00
zras   = 0.000000000000000e+00 1.000000000000000e+00 0.000000000000000e+00
cras   = 1.910071716308594e+02 2.540632934570312e+02 5.213099975585938e+02
dst volume info
valid = 1  # volume info valid
filename = /usr/local/freesurfer/average/RB_all_withskull_2008-03-26.gca
volume = 256 256 256
voxelsize = 1.000000000000000e+00 1.000000000000000e+00 1.000000000000000e+00
xras   = -1.000000000000000e+00 0.000000000000000e+00 0.000000000000000e+00
yras   = 0.000000000000000e+00 0.000000000000000e+00 -1.000000000000000e+00
zras   = 0.000000000000000e+00 1.000000000000000e+00 0.000000000000000e+00
cras   = 0.000000000000000e+00 0.000000000000000e+00 0.000000000000000e+00
