# transform file transforms/talairach_with_skull_2.lta
# created by fsuser on Thu May 26 04:35:38 2016

type      = 0
nxforms   = 1
mean      = 129.0000 126.0000 121.0000
sigma     = 10000.0000
1 4 4
9.843744039535522e-01 -1.728211715817451e-02 -8.592927828431129e-03 1.932765960693359e+00 
1.390548050403595e-02 1.149768710136414e+00 4.180227518081665e-01 -6.147620010375977e+01 
9.345076978206635e-04 -3.795792758464813e-01 9.648889303207397e-01 4.038017272949219e+01 
0.000000000000000e+00 0.000000000000000e+00 0.000000000000000e+00 1.000000000000000e+00 
src volume info
valid = 1  # volume info valid
filename = nu_noneck.mgz
volume = 256 256 256
voxelsize = 1.000000000000000e+00 1.000000000000000e+00 1.000000000000000e+00
xras   = -1.000000000000000e+00 0.000000000000000e+00 0.000000000000000e+00
yras   = 0.000000000000000e+00 0.000000000000000e+00 -1.000000000000000e+00
zras   = 0.000000000000000e+00 1.000000000000000e+00 0.000000000000000e+00
cras   = 1.910071716308594e+02 2.540632934570312e+02 5.213099975585938e+02
dst volume info
valid = 1  # volume info valid
filename = /usr/local/freesurfer/average/RB_all_withskull_2008-03-26.gca
volume = 256 256 256
voxelsize = 1.000000000000000e+00 1.000000000000000e+00 1.000000000000000e+00
xras   = -1.000000000000000e+00 0.000000000000000e+00 0.000000000000000e+00
yras   = 0.000000000000000e+00 0.000000000000000e+00 -1.000000000000000e+00
zras   = 0.000000000000000e+00 1.000000000000000e+00 0.000000000000000e+00
cras   = 0.000000000000000e+00 0.000000000000000e+00 0.000000000000000e+00
fscale 0.150000
