# transform file /usr/local/freesurfer/subjects/S5_07/mri/transforms/cc_up.lta
# created by fsuser on Thu May 26 07:47:00 2016

type      = 0
nxforms   = 1
mean      = 130.0000 129.0000 116.0000
sigma     = 10000.0000
1 4 4
9.999537467956543e-01 -9.543705731630325e-03 1.169762224890292e-03 -8.650581836700439e-01 
9.543698281049728e-03 9.999544620513916e-01 1.116437306336593e-05 2.076526451110840e+01 
-1.169815426692367e-03 -0.000000000000000e+00 9.999993443489075e-01 3.215188217163086e+01 
0.000000000000000e+00 0.000000000000000e+00 0.000000000000000e+00 1.000000000000000e+00 
src volume info
valid = 1  # volume info valid
filename = /usr/local/freesurfer/subjects/S5_07/mri/norm.mgz
volume = 256 256 256
voxelsize = 1.000000000000000e+00 1.000000000000000e+00 1.000000000000000e+00
xras   = -1.000000000000000e+00 0.000000000000000e+00 0.000000000000000e+00
yras   = 0.000000000000000e+00 0.000000000000000e+00 -1.000000000000000e+00
zras   = 0.000000000000000e+00 1.000000000000000e+00 0.000000000000000e+00
cras   = 1.961549682617188e+02 2.646000061035156e+02 5.336610107421875e+02
dst volume info
valid = 1  # volume info valid
filename = /usr/local/freesurfer/subjects/S5_07/mri/norm.mgz
volume = 256 256 256
voxelsize = 1.000000000000000e+00 1.000000000000000e+00 1.000000000000000e+00
xras   = -1.000000000000000e+00 0.000000000000000e+00 0.000000000000000e+00
yras   = 0.000000000000000e+00 0.000000000000000e+00 -1.000000000000000e+00
zras   = 0.000000000000000e+00 1.000000000000000e+00 0.000000000000000e+00
cras   = 1.961549682617188e+02 2.646000061035156e+02 5.336610107421875e+02
