# transform file transforms/talairach_with_skull_2.lta
# created by fsuser on Thu May 26 05:38:42 2016

type      = 0
nxforms   = 1
mean      = 130.0000 130.0000 116.0000
sigma     = 10000.0000
1 4 4
9.978894591331482e-01 -2.330914884805679e-02 2.058871835470200e-02 -4.252076625823975e+00 
1.545317936688662e-02 1.113077521324158e+00 4.673154354095459e-01 -6.841973876953125e+01 
-3.503539785742760e-02 -3.862246274948120e-01 9.501254558563232e-01 5.494812774658203e+01 
0.000000000000000e+00 0.000000000000000e+00 0.000000000000000e+00 1.000000000000000e+00 
src volume info
valid = 1  # volume info valid
filename = nu_noneck.mgz
volume = 256 256 256
voxelsize = 1.000000000000000e+00 1.000000000000000e+00 1.000000000000000e+00
xras   = -1.000000000000000e+00 0.000000000000000e+00 0.000000000000000e+00
yras   = 0.000000000000000e+00 0.000000000000000e+00 -1.000000000000000e+00
zras   = 0.000000000000000e+00 1.000000000000000e+00 0.000000000000000e+00
cras   = 1.961549682617188e+02 2.646000061035156e+02 5.336610107421875e+02
dst volume info
valid = 1  # volume info valid
filename = /usr/local/freesurfer/average/RB_all_withskull_2008-03-26.gca
volume = 256 256 256
voxelsize = 1.000000000000000e+00 1.000000000000000e+00 1.000000000000000e+00
xras   = -1.000000000000000e+00 0.000000000000000e+00 0.000000000000000e+00
yras   = 0.000000000000000e+00 0.000000000000000e+00 -1.000000000000000e+00
zras   = 0.000000000000000e+00 1.000000000000000e+00 0.000000000000000e+00
cras   = 0.000000000000000e+00 0.000000000000000e+00 0.000000000000000e+00
fscale 0.150000
