# transform file transforms/talairach_with_skull.lta
# created by fsuser on Wed May 25 06:49:22 2016

type      = 0
nxforms   = 1
mean      = 130.0000 147.0000 127.0000
sigma     = 10000.0000
1 4 4
9.818738102912903e-01 -3.815934807062149e-02 -1.524012256413698e-02 4.304624557495117e+00 
3.275622054934502e-02 1.190762758255005e+00 4.661899805068970e-01 -7.496012115478516e+01 
2.654859563335776e-04 -3.397670686244965e-01 9.999110102653503e-01 3.780498886108398e+01 
0.000000000000000e+00 0.000000000000000e+00 0.000000000000000e+00 1.000000000000000e+00 
src volume info
valid = 1  # volume info valid
filename = nu.mgz
volume = 256 256 256
voxelsize = 1.000000000000000e+00 1.000000000000000e+00 1.000000000000000e+00
xras   = -1.000000000000000e+00 0.000000000000000e+00 0.000000000000000e+00
yras   = 0.000000000000000e+00 0.000000000000000e+00 -1.000000000000000e+00
zras   = 0.000000000000000e+00 1.000000000000000e+00 0.000000000000000e+00
cras   = 1.961549682617188e+02 2.646000061035156e+02 5.336610107421875e+02
dst volume info
valid = 1  # volume info valid
filename = /usr/local/freesurfer/average/RB_all_withskull_2008-03-26.gca
volume = 256 256 256
voxelsize = 1.000000000000000e+00 1.000000000000000e+00 1.000000000000000e+00
xras   = -1.000000000000000e+00 0.000000000000000e+00 0.000000000000000e+00
yras   = 0.000000000000000e+00 0.000000000000000e+00 -1.000000000000000e+00
zras   = 0.000000000000000e+00 1.000000000000000e+00 0.000000000000000e+00
cras   = 0.000000000000000e+00 0.000000000000000e+00 0.000000000000000e+00
