# transform file transforms/talairach.lta
# created by fsuser on Wed May 25 08:47:44 2016

type      = 0
nxforms   = 1
mean      = 130.0000 130.0000 116.0000
sigma     = 10000.0000
1 4 4
9.656796455383301e-01 -5.862916633486748e-02 4.883630201220512e-03 6.009625911712646e+00 
4.297433793544769e-02 1.016795039176941e+00 4.552255868911743e-01 -5.891818237304688e+01 
-3.621535375714302e-02 -4.227145016193390e-01 9.166455268859863e-01 6.150098037719727e+01 
0.000000000000000e+00 0.000000000000000e+00 0.000000000000000e+00 1.000000000000000e+00 
src volume info
valid = 1  # volume info valid
filename = nu.mgz
volume = 256 256 256
voxelsize = 1.000000000000000e+00 1.000000000000000e+00 1.000000000000000e+00
xras   = -1.000000000000000e+00 0.000000000000000e+00 0.000000000000000e+00
yras   = 0.000000000000000e+00 0.000000000000000e+00 -1.000000000000000e+00
zras   = 0.000000000000000e+00 1.000000000000000e+00 0.000000000000000e+00
cras   = 1.961549682617188e+02 2.646000061035156e+02 5.336610107421875e+02
dst volume info
valid = 1  # volume info valid
filename = /usr/local/freesurfer/average/RB_all_2008-03-26.gca
volume = 256 256 256
voxelsize = 1.000000000000000e+00 1.000000000000000e+00 1.000000000000000e+00
xras   = -1.000000000000000e+00 0.000000000000000e+00 0.000000000000000e+00
yras   = 0.000000000000000e+00 0.000000000000000e+00 -1.000000000000000e+00
zras   = 0.000000000000000e+00 1.000000000000000e+00 0.000000000000000e+00
cras   = 0.000000000000000e+00 0.000000000000000e+00 0.000000000000000e+00
